date-time, 0.27, 0.47, [[1294, 110], [1519, 110], [1519, 222], [1294, 222]], textual
date-time, 0.99, 0.47, [[693, 286], [770, 286], [770, 359], [693, 359]], textual
date-time, 1.0, 0.47, [[1292, 281], [1512, 281], [1512, 381], [1292, 381]], textual
date-time, 1.0, 0.47, [[249, 320], [433, 320], [433, 409], [249, 409]], textual
date-time, 1.0, 0.47, [[1275, 809], [1829, 809], [1829, 970], [1275, 970]], textual
date-time, 1.0, 0.47, [[814, 826], [1221, 826], [1221, 891], [814, 891]], textual
date-time, 1.0, 0.47, [[227, 833], [433, 833], [433, 925], [227, 925]], textual
location, 0.99, 0.1, [[487, 940], [877, 940], [877, 1064], [487, 1064]], textual
date-time, 0.27, 0.47, [[1263, 1265], [1506, 1265], [1506, 1362], [1263, 1362]], textual
date-time, 1.0, 0.47, [[186, 1433], [367, 1433], [367, 1521], [186, 1521]], textual
date-time, 0.99, 0.47, [[616, 1442], [701, 1442], [701, 1531], [616, 1531]], textual
date-time, 1.0, 0.47, [[1256, 1468], [1502, 1468], [1502, 1556], [1256, 1556]], textual
date-time, 1.0, 0.47, [[138, 1996], [352, 1996], [352, 2094], [138, 2094]], textual
date-time, 1.0, 0.47, [[728, 2059], [1849, 2059], [1849, 2193], [728, 2193]], textual
location, 0.99, 0.1, [[404, 2164], [817, 2164], [817, 2340], [404, 2340]], textual
location, 0.99, 0.1, [[1356, 2238], [1796, 2238], [1796, 2371], [1356, 2371]], textual
ticket, 1.0, 0.9, [[0, 0], [1931, 2325]], multimodal
