date-time, 0.94, 0.47, [[750, 230], [865, 230], [865, 287], [750, 287]], textual
location, 0.98, 0.1, [[815, 348], [1100, 348], [1100, 377], [815, 377]], textual
name, 0.98, 0.92, [[813, 388], [1153, 388], [1153, 428], [813, 428]], textual
name, 0.97, 0.92, [[811, 438], [1129, 438], [1129, 489], [811, 489]], textual
location, 0.99, 0.1, [[808, 490], [1190, 490], [1190, 518], [808, 518]], textual
location, 0.95, 0.1, [[687, 578], [937, 578], [937, 609], [687, 609]], textual
location, 0.99, 0.1, [[343, 607], [494, 607], [494, 642], [343, 642]], textual
date-time, 1.0, 0.47, [[690, 614], [937, 614], [937, 637], [690, 637]], textual
date-time, 1.0, 0.47, [[231, 650], [584, 650], [584, 707], [231, 707]], textual
date-time, 0.99, 0.47, [[1190, 647], [1337, 647], [1337, 709], [1190, 709]], textual
ticket, 1.0, 0.9, [[55, 125], [1553, 889]], multimodal
