date-time, 1.0, 0.47, [[1130, 1122], [1530, 1122], [1530, 1187], [1130, 1187]], textual
date-time, 1.0, 0.47, [[361, 1124], [1086, 1124], [1086, 1228], [361, 1228]], textual
date-time, 1.0, 0.47, [[1609, 1396], [1827, 1396], [1827, 1490], [1609, 1490]], textual
date-time, 1.0, 0.47, [[1272, 1407], [1486, 1407], [1486, 1504], [1272, 1504]], textual
location, 0.61, 0.1, [[417, 1451], [915, 1451], [915, 1527], [417, 1527]], textual
location, 0.97, 0.1, [[1038, 1774], [1267, 1774], [1267, 1881], [1038, 1881]], textual
location, 0.99, 0.1, [[400, 1812], [629, 1812], [629, 1897], [400, 1897]], textual
date-time, 1.0, 0.47, [[1118, 1983], [1313, 1983], [1313, 2103], [1118, 2103]], textual
date-time, 0.95, 0.47, [[694, 1994], [899, 1994], [899, 2103], [694, 2103]], textual
date-time, 0.98, 0.47, [[367, 2005], [606, 2005], [606, 2116], [367, 2116]], textual
ticket, 0.99, 0.9, [[65, 310], [2448, 3263]], multimodal
