location, 0.99, 0.1, [[1816, 239], [1943, 239], [1943, 278], [1816, 278]], textual
location, 0.99, 0.1, [[2092, 224], [2219, 224], [2219, 267], [2092, 267]], textual
location, 0.75, 0.1, [[376, 263], [638, 263], [638, 301], [376, 301]], textual
location, 0.98, 0.1, [[1590, 275], [1657, 275], [1657, 295], [1590, 295]], textual
location, 0.99, 0.1, [[1473, 327], [1566, 327], [1566, 359], [1473, 359]], textual
name, 0.5, 0.92, [[1427, 374], [1595, 374], [1595, 424], [1427, 424]], textual
location, 0.99, 0.1, [[1610, 394], [1741, 394], [1741, 424], [1610, 424]], textual
name, 0.55, 0.92, [[1031, 435], [1086, 435], [1086, 459], [1031, 459]], textual
location, 0.9, 0.1, [[1900, 473], [1998, 473], [1998, 509], [1900, 509]], textual
location, 0.97, 0.1, [[1677, 485], [1782, 485], [1782, 505], [1677, 505]], textual
location, 0.99, 0.1, [[888, 549], [1019, 549], [1019, 579], [888, 579]], textual
location, 0.99, 0.1, [[1523, 541], [1628, 541], [1628, 573], [1523, 573]], textual
location, 0.91, 0.1, [[995, 601], [1125, 601], [1125, 644], [995, 644]], textual
location, 0.93, 0.1, [[734, 625], [786, 625], [786, 646], [734, 646]], textual
location, 0.99, 0.1, [[1031, 649], [1220, 649], [1220, 690], [1031, 690]], textual
location, 0.99, 0.1, [[1194, 681], [1261, 681], [1261, 701], [1194, 701]], textual
location, 0.99, 0.1, [[1706, 683], [1934, 683], [1934, 731], [1706, 731]], textual
location, 0.91, 0.1, [[1258, 719], [1290, 719], [1290, 739], [1258, 739]], textual
location, 0.22, 0.1, [[1866, 821], [1924, 821], [1924, 842], [1866, 842]], textual
location, 0.44, 0.1, [[1927, 871], [1971, 871], [1971, 894], [1927, 894]], textual
date-time, 0.97, 0.47, [[1531, 999], [1598, 999], [1598, 1020], [1531, 1020]], textual
location, 0.48, 0.1, [[970, 1066], [1147, 1066], [1147, 1096], [970, 1096]], textual
location, 0.25, 0.1, [[1138, 1069], [1272, 1069], [1272, 1090], [1138, 1090]], textual
location, 0.66, 0.1, [[1007, 1113], [1103, 1113], [1103, 1134], [1007, 1134]], textual
location, 0.89, 0.1, [[2466, 1119], [2565, 1119], [2565, 1151], [2466, 1151]], textual
name, 0.86, 0.92, [[2297, 1134], [2408, 1134], [2408, 1166], [2297, 1166]], textual
location, 0.22, 0.1, [[1484, 1200], [1637, 1200], [1637, 1236], [1484, 1236]], textual
location, 0.87, 0.1, [[1488, 1291], [1788, 1291], [1788, 1327], [1488, 1327]], textual
name, 0.91, 0.92, [[221, 1303], [367, 1303], [367, 1339], [221, 1339]], textual
location, 0.99, 0.1, [[2312, 1312], [2402, 1312], [2402, 1332], [2312, 1332]], textual
location, 0.43, 0.1, [[2463, 1303], [2588, 1303], [2588, 1324], [2463, 1324]], textual
name, 0.53, 0.92, [[955, 1335], [1054, 1335], [1054, 1367], [955, 1367]], textual
name, 0.93, 0.92, [[940, 1414], [1159, 1414], [1159, 1443], [940, 1443]], textual
location, 0.33, 0.1, [[1665, 1429], [1726, 1429], [1726, 1470], [1665, 1470]], textual
name, 0.51, 0.92, [[412, 1440], [493, 1440], [493, 1479], [412, 1479]], textual
name, 0.99, 0.92, [[201, 1473], [344, 1473], [344, 1502], [201, 1502]], textual
location, 0.89, 0.1, [[1660, 1470], [1747, 1470], [1747, 1502], [1660, 1502]], textual
location, 0.55, 0.1, [[1683, 1499], [1726, 1499], [1726, 1522], [1683, 1522]], textual
name, 0.96, 0.92, [[2309, 1496], [2463, 1496], [2463, 1525], [2309, 1525]], textual
date-time, 0.77, 0.47, [[1493, 1572], [1834, 1572], [1834, 1616], [1493, 1616]], textual
location, 0.54, 0.1, [[958, 1613], [1264, 1613], [1264, 1642], [958, 1642]], textual
name, 0.95, 0.92, [[204, 1630], [370, 1630], [370, 1663], [204, 1663]], textual
date-time, 0.85, 0.47, [[603, 1639], [815, 1639], [815, 1668], [603, 1668]], textual
name, 0.86, 0.92, [[1482, 1683], [1852, 1683], [1852, 1718], [1482, 1718]], textual
ticket, 1.0, 0.9, [[70, 175], [2781, 1776]], multimodal
