date-time, 0.94, 0.47, [[206, 9], [320, 9], [320, 39], [206, 39]], textual
location, 0.75, 0.1, [[131, 337], [439, 337], [439, 384], [131, 384]], textual
location, 0.95, 0.1, [[127, 394], [349, 394], [349, 434], [127, 434]], textual
location, 0.99, 0.1, [[570, 392], [935, 392], [935, 442], [570, 442]], textual
date-time, 0.65, 0.47, [[561, 439], [905, 439], [905, 497], [561, 497]], textual
location, 0.95, 0.1, [[537, 489], [1018, 489], [1018, 558], [537, 558]], textual
location, 0.5, 0.1, [[96, 502], [410, 502], [410, 553], [96, 553]], textual
location, 0.94, 0.1, [[581, 540], [1021, 540], [1021, 589], [581, 589]], textual
location, 0.99, 0.1, [[96, 597], [343, 597], [343, 634], [96, 634]], textual
location, 0.98, 0.1, [[76, 690], [405, 690], [405, 732], [76, 732]], textual
mail, 1.0, 0.7, [[0, 3], [1023, 767]], multimodal
handwriting, 1.0, 0.85, [[80, 31], [80, 32], [80, 33], [80, 34], [80, 35], [80, 36], [80, 37], [80, 38], [80, 39], [80, 40], [80, 41], [80, 42], [80, 43], [80, 44], [80, 45], [80, 46], [80, 47], [80, 48], [80, 49], [80, 50], [80, 51], [80, 52], [80, 53], [80, 54], [80, 55], [80, 56], [80, 57], [80, 58], [80, 59], [80, 60], [80, 61], [80, 62], [80, 63], [81, 31], [81, 32], [81, 33], [81, 34], [81, 35], [81, 36], [81, 37], [81, 38], [81, 39], [81, 40], [81, 41], [81, 42], [81, 43], [81, 44], [81, 45], [81, 46], [81, 47], [81, 48], [81, 49], [81, 50], [81, 51], [81, 52], [81, 53], [81, 54], [81, 55], [81, 56], [81, 57], [81, 58], [81, 59], [81, 60], [81, 61], [81, 62], [81, 63], [82, 31], [82, 32], [82, 33], [82, 34], [82, 35], [82, 36], [82, 37], [82, 38], [82, 39], [82, 40], [82, 41], [82, 42], [82, 43], [82, 44], [82, 45], [82, 46], [82, 47], [82, 48], [82, 49], [82, 50], [82, 51], [82, 52], [82, 53], [82, 54], [82, 55], [82, 56], [82, 57], [82, 58], [82, 59], [82, 60], [82, 61], [82, 62], [82, 63], [83, 31], [83, 32], [83, 33], [83, 34], [83, 35], [83, 36], [83, 37], [83, 38], [83, 39], [83, 40], [83, 41], [83, 42], [83, 43], [83, 44], [83, 45], [83, 46], [83, 47], [83, 48], [83, 49], [83, 50], [83, 51], [83, 52], [83, 53], [83, 54], [83, 55], [83, 56], [83, 57], [83, 58], [83, 59], [83, 60], [83, 61], [83, 62], [83, 63], [84, 31], [84, 32], [84, 33], [84, 34], [84, 35], [84, 36], [84, 37], [84, 38], [84, 39], [84, 40], [84, 41], [84, 42], [84, 43], [84, 44], [84, 45], [84, 46], [84, 47], [84, 48], [84, 49], [84, 50], [84, 51], [84, 52], [84, 53], [84, 54], [84, 55], [84, 56], [84, 57], [84, 58], [84, 59], [84, 60], [84, 61], [84, 62], [84, 63], [85, 31], [85, 32], [85, 33], [85, 34], [85, 35], [85, 36], [85, 37], [85, 38], [85, 39], [85, 40], [85, 41], [85, 42], [85, 43], [85, 44], [85, 45], [85, 46], [85, 47], [85, 48], [85, 49], [85, 50], [85, 51], [85, 52], [85, 53], [85, 54], [85, 55], [85, 56], [85, 57], [85, 58], [85, 59], [85, 60], [85, 61], [85, 62], [85, 63], [86, 31], [86, 32], [86, 33], [86, 34], [86, 35], [86, 36], [86, 37], [86, 38], [86, 39], [86, 40], [86, 41], [86, 42], [86, 43], [86, 44], [86, 45], [86, 46], [86, 47], [86, 48], [86, 49], [86, 50], [86, 51], [86, 52], [86, 53], [86, 54], [86, 55], [86, 56], [86, 57], [86, 58], [86, 59], [86, 60], [86, 61], [86, 62], [86, 63], [87, 23], [87, 24], [87, 25], [87, 26], [87, 27], [87, 28], [87, 29], [87, 30], [87, 31], [87, 32], [87, 33], [87, 34], [87, 35], [87, 36], [87, 37], [87, 38], [87, 39], [87, 40], [87, 41], [87, 42], [87, 43], [87, 44], [87, 45], [87, 46], [87, 47], [87, 48], [87, 49], [87, 50], [87, 51], [87, 52], [87, 53], [87, 54], [87, 55], [87, 56], [87, 57], [87, 58], [87, 59], [87, 60], [87, 61], [87, 62], [87, 63], [88, 23], [88, 24], [88, 25], [88, 26], [88, 27], [88, 28], [88, 29], [88, 30], [88, 31], [88, 32], [88, 33], [88, 34], [88, 35], [88, 36], [88, 37], [88, 38], [88, 39], [88, 40], [88, 41], [88, 42], [88, 43], [88, 44], [88, 45], [88, 46], [88, 47], [88, 48], [88, 49], [88, 50], [88, 51], [88, 52], [88, 53], [88, 54], [88, 55], [88, 56], [88, 57], [88, 58], [88, 59], [88, 60], [88, 61], [88, 62], [88, 63], [88, 64], [88, 65], [89, 23], [89, 24], [89, 25], [89, 26], [89, 27], [89, 28], [89, 29], [89, 30], [89, 31], [89, 32], [89, 33], [89, 34], [89, 35], [89, 36], [89, 37], [89, 38], [89, 39], [89, 40], [89, 41], [89, 42], [89, 43], [89, 44], [89, 45], [89, 46], [89, 47], [89, 48], [89, 49], [89, 50], [89, 51], [89, 52], [89, 53], [89, 54], [89, 55], [89, 56], [89, 57], [89, 58], [89, 59], [89, 60], [89, 61], [89, 62], [89, 63], [89, 64], [89, 65], [90, 23], [90, 24], [90, 25], [90, 26], [90, 27], [90, 28], [90, 29], [90, 30], [90, 31], [90, 32], [90, 33], [90, 34], [90, 35], [90, 36], [90, 37], [90, 38], [90, 39], [90, 40], [90, 41], [90, 42], [90, 43], [90, 44], [90, 45], [90, 46], [90, 47], [90, 48], [90, 49], [90, 50], [90, 51], [90, 52], [90, 53], [90, 54], [90, 55], [90, 56], [90, 57], [90, 58], [90, 59], [90, 60], [90, 61], [90, 62], [90, 63], [90, 64], [90, 65], [91, 23], [91, 24], [91, 25], [91, 26], [91, 27], [91, 28], [91, 29], [91, 30], [91, 31], [91, 32], [91, 33], [91, 34], [91, 35], [91, 36], [91, 37], [91, 38], [91, 39], [91, 40], [91, 41], [91, 42], [91, 43], [91, 44], [91, 45], [91, 46], [91, 47], [91, 48], [91, 49], [91, 50], [91, 51], [91, 52], [91, 53], [91, 54], [91, 55], [91, 56], [91, 57], [91, 58], [91, 59], [91, 60], [91, 61], [91, 62], [91, 63], [91, 64], [91, 65], [92, 23], [92, 24], [92, 25], [92, 26], [92, 27], [92, 28], [92, 29], [92, 30], [92, 31], [92, 32], [92, 33], [92, 34], [92, 35], [92, 36], [92, 37], [92, 38], [92, 39], [92, 40], [92, 41], [92, 42], [92, 43], [92, 44], [92, 45], [92, 46], [92, 47], [92, 48], [92, 49], [92, 50], [92, 51], [92, 52], [92, 53], [92, 54], [92, 55], [92, 56], [92, 57], [92, 58], [92, 59], [92, 60], [92, 61], [92, 62], [92, 63], [92, 64], [92, 65], [92, 66], [92, 67], [93, 23], [93, 24], [93, 25], [93, 26], [93, 27], [93, 28], [93, 29], [93, 30], [93, 31], [93, 32], [93, 33], [93, 34], [93, 35], [93, 36], [93, 37], [93, 38], [93, 39], [93, 40], [93, 41], [93, 42], [93, 43], [93, 44], [93, 45], [93, 46], [93, 47], [93, 48], [93, 49], [93, 50], [93, 51], [93, 52], [93, 53], [93, 54], [93, 55], [93, 56], [93, 57], [93, 58], [93, 59], [93, 60], [93, 61], [93, 62], [93, 63], [93, 64], [93, 65], [93, 66], [93, 67], [94, 23], [94, 24], [94, 25], [94, 26], [94, 27], [94, 28], [94, 29], [94, 30], [94, 31], [94, 32], [94, 33], [94, 34], [94, 35], [94, 36], [94, 37], [94, 38], [94, 39], [94, 40], [94, 41], [94, 42], [94, 43], [94, 44], [94, 45], [94, 46], [94, 47], [94, 48], [94, 49], [94, 50], [94, 51], [94, 52], [94, 53], [94, 54], [94, 55], [94, 56], [94, 57], [94, 58], [94, 59], [94, 60], [94, 61], [94, 62], [94, 63], [94, 64], [94, 65], [94, 66], [94, 67], [95, 23], [95, 24], [95, 25], [95, 26], [95, 27], [95, 28], [95, 29], [95, 30], [95, 31], [95, 32], [95, 33], [95, 34], [95, 35], [95, 36], [95, 37], [95, 38], [95, 39], [95, 40], [95, 41], [95, 42], [95, 43], [95, 44], [95, 45], [95, 46], [95, 47], [95, 48], [95, 49], [95, 50], [95, 51], [95, 52], [95, 53], [95, 54], [95, 55], [95, 56], [95, 57], [95, 58], [95, 59], [95, 60], [95, 61], [95, 62], [95, 63], [95, 64], [95, 65], [95, 66], [95, 67], [96, 23], [96, 24], [96, 25], [96, 26], [96, 27], [96, 28], [96, 29], [96, 30], [96, 31], [96, 32], [96, 33], [96, 34], [96, 35], [96, 36], [96, 37], [96, 38], [96, 39], [96, 40], [96, 41], [96, 42], [96, 43], [96, 44], [96, 45], [96, 46], [96, 47], [96, 48], [96, 49], [96, 50], [96, 51], [96, 52], [96, 53], [96, 54], [96, 55], [96, 56], [96, 57], [96, 58], [96, 59], [96, 60], [96, 61], [96, 62], [96, 63], [96, 64], [96, 65], [96, 66], [96, 67], [96, 68], [96, 69], [96, 70], [96, 71], [96, 72], [96, 73], [97, 23], [97, 24], [97, 25], [97, 26], [97, 27], [97, 28], [97, 29], [97, 30], [97, 31], [97, 32], [97, 33], [97, 34], [97, 35], [97, 36], [97, 37], [97, 38], [97, 39], [97, 40], [97, 41], [97, 42], [97, 43], [97, 44], [97, 45], [97, 46], [97, 47], [97, 48], [97, 49], [97, 50], [97, 51], [97, 52], [97, 53], [97, 54], [97, 55], [97, 56], [97, 57], [97, 58], [97, 59], [97, 60], [97, 61], [97, 62], [97, 63], [97, 64], [97, 65], [97, 66], [97, 67], [97, 68], [97, 69], [97, 70], [97, 71], [97, 72], [97, 73], [98, 23], [98, 24], [98, 25], [98, 26], [98, 27], [98, 28], [98, 29], [98, 30], [98, 31], [98, 32], [98, 33], [98, 34], [98, 35], [98, 36], [98, 37], [98, 38], [98, 39], [98, 40], [98, 41], [98, 42], [98, 43], [98, 44], [98, 45], [98, 46], [98, 47], [98, 48], [98, 49], [98, 50], [98, 51], [98, 52], [98, 53], [98, 54], [98, 55], [98, 56], [98, 57], [98, 58], [98, 59], [98, 60], [98, 61], [98, 62], [98, 63], [98, 64], [98, 65], [98, 66], [98, 67], [98, 68], [98, 69], [98, 70], [98, 71], [98, 72], [98, 73], [99, 23], [99, 24], [99, 25], [99, 26], [99, 27], [99, 28], [99, 29], [99, 30], [99, 31], [99, 32], [99, 33], [99, 34], [99, 35], [99, 36], [99, 37], [99, 38], [99, 39], [99, 40], [99, 41], [99, 42], [99, 43], [99, 44], [99, 45], [99, 46], [99, 47], [99, 48], [99, 49], [99, 50], [99, 51], [99, 52], [99, 53], [99, 54], [99, 55], [99, 56], [99, 57], [99, 58], [99, 59], [99, 60], [99, 61], [99, 62], [99, 63], [99, 64], [99, 65], [99, 66], [99, 67], [99, 68], [99, 69], [99, 70], [99, 71], [99, 72], [99, 73], [100, 23], [100, 24], [100, 25], [100, 26], [100, 27], [100, 28], [100, 29], [100, 30], [100, 31], [100, 32], [100, 33], [100, 34], [100, 35], [100, 36], [100, 37], [100, 38], [100, 39], [100, 40], [100, 41], [100, 42], [100, 43], [100, 44], [100, 45], [100, 46], [100, 47], [100, 48], [100, 49], [100, 50], [100, 51], [100, 52], [100, 53], [100, 54], [100, 55], [100, 56], [100, 57], [100, 58], [100, 59], [100, 60], [100, 61], [100, 62], [100, 63], [100, 64], [100, 65], [100, 66], [100, 67], [100, 68], [100, 69], [100, 70], [100, 71], [100, 72], [100, 73], [101, 23], [101, 24], [101, 25], [101, 26], [101, 27], [101, 28], [101, 29], [101, 30], [101, 31], [101, 32], [101, 33], [101, 34], [101, 35], [101, 36], [101, 37], [101, 38], [101, 39], [101, 40], [101, 41], [101, 42], [101, 43], [101, 44], [101, 45], [101, 46], [101, 47], [101, 48], [101, 49], [101, 50], [101, 51], [101, 52], [101, 53], [101, 54], [101, 55], [101, 56], [101, 57], [101, 58], [101, 59], [101, 60], [101, 61], [101, 62], [101, 63], [101, 64], [101, 65], [101, 66], [101, 67], [101, 68], [101, 69], [101, 70], [101, 71], [101, 72], [101, 73], [102, 23], [102, 24], [102, 25], [102, 26], [102, 27], [102, 28], [102, 29], [102, 30], [102, 31], [102, 32], [102, 33], [102, 34], [102, 35], [102, 36], [102, 37], [102, 38], [102, 39], [102, 40], [102, 41], [102, 42], [102, 43], [102, 44], [102, 45], [102, 46], [102, 47], [102, 48], [102, 49], [102, 50], [102, 51], [102, 52], [102, 53], [102, 54], [102, 55], [102, 56], [102, 57], [102, 58], [102, 59], [102, 60], [102, 61], [102, 62], [102, 63], [102, 64], [102, 65], [102, 66], [102, 67], [102, 68], [102, 69], [102, 70], [102, 71], [102, 72], [102, 73], [103, 23], [103, 24], [103, 25], [103, 26], [103, 27], [103, 28], [103, 29], [103, 30], [103, 31], [103, 32], [103, 33], [103, 34], [103, 35], [103, 36], [103, 37], [103, 38], [103, 39], [103, 40], [103, 41], [103, 42], [103, 43], [103, 44], [103, 45], [103, 46], [103, 47], [103, 48], [103, 49], [103, 50], [103, 51], [103, 52], [103, 53], [103, 54], [103, 55], [103, 56], [103, 57], [103, 58], [103, 59], [103, 60], [103, 61], [103, 62], [103, 63], [103, 64], [103, 65], [103, 66], [103, 67], [104, 23], [104, 24], [104, 25], [104, 26], [104, 27], [104, 28], [104, 29], [104, 30], [104, 31], [104, 32], [104, 33], [104, 34], [104, 35], [104, 36], [104, 37], [104, 38], [104, 39], [104, 40], [104, 41], [104, 42], [104, 43], [104, 44], [104, 45], [104, 46], [104, 47], [104, 48], [104, 49], [104, 50], [104, 51], [104, 52], [104, 53], [104, 54], [104, 55], [104, 56], [104, 57], [104, 58], [104, 59], [104, 60], [104, 61], [104, 62], [104, 63], [104, 64], [104, 65], [104, 66], [104, 67], [105, 23], [105, 24], [105, 25], [105, 26], [105, 27], [105, 28], [105, 29], [105, 30], [105, 31], [105, 32], [105, 33], [105, 34], [105, 35], [105, 36], [105, 37], [105, 38], [105, 39], [105, 40], [105, 41], [105, 42], [105, 43], [105, 44], [105, 45], [105, 46], [105, 47], [105, 48], [105, 49], [105, 50], [105, 51], [105, 52], [105, 53], [105, 54], [105, 55], [105, 56], [105, 57], [105, 58], [105, 59], [105, 60], [105, 61], [105, 62], [105, 63], [105, 64], [105, 65], [105, 66], [105, 67], [106, 23], [106, 24], [106, 25], [106, 26], [106, 27], [106, 28], [106, 29], [106, 30], [106, 31], [106, 32], [106, 33], [106, 34], [106, 35], [106, 36], [106, 37], [106, 38], [106, 39], [106, 40], [106, 41], [106, 42], [106, 43], [106, 44], [106, 45], [106, 46], [106, 47], [106, 48], [106, 49], [106, 50], [106, 51], [106, 52], [106, 53], [106, 54], [106, 55], [106, 56], [106, 57], [106, 58], [106, 59], [106, 60], [106, 61], [106, 62], [106, 63], [106, 64], [106, 65], [106, 66], [106, 67], [107, 23], [107, 24], [107, 25], [107, 26], [107, 27], [107, 28], [107, 29], [107, 30], [107, 31], [107, 32], [107, 33], [107, 34], [107, 35], [107, 36], [107, 37], [107, 38], [107, 39], [107, 40], [107, 41], [107, 42], [107, 43], [107, 44], [107, 45], [107, 46], [107, 47], [107, 48], [107, 49], [107, 50], [107, 51], [107, 52], [107, 53], [107, 54], [107, 55], [107, 56], [107, 57], [107, 58], [107, 59], [107, 60], [107, 61], [107, 62], [107, 63], [107, 64], [107, 65], [107, 66], [107, 67], [108, 23], [108, 24], [108, 25], [108, 26], [108, 27], [108, 28], [108, 29], [108, 30], [108, 31], [108, 32], [108, 33], [108, 34], [108, 35], [108, 36], [108, 37], [108, 38], [108, 39], [108, 40], [108, 41], [108, 42], [108, 43], [108, 44], [108, 45], [108, 46], [108, 47], [108, 48], [108, 49], [108, 50], [108, 51], [108, 52], [108, 53], [108, 54], [108, 55], [108, 56], [108, 57], [108, 58], [108, 59], [108, 60], [108, 61], [108, 62], [108, 63], [108, 64], [108, 65], [109, 23], [109, 24], [109, 25], [109, 26], [109, 27], [109, 28], [109, 29], [109, 30], [109, 31], [109, 32], [109, 33], [109, 34], [109, 35], [109, 36], [109, 37], [109, 38], [109, 39], [109, 40], [109, 41], [109, 42], [109, 43], [109, 44], [109, 45], [109, 46], [109, 47], [109, 48], [109, 49], [109, 50], [109, 51], [109, 52], [109, 53], [109, 54], [109, 55], [109, 56], [109, 57], [109, 58], [109, 59], [109, 60], [109, 61], [109, 62], [109, 63], [109, 64], [109, 65], [110, 23], [110, 24], [110, 25], [110, 26], [110, 27], [110, 28], [110, 29], [110, 30], [110, 31], [110, 32], [110, 33], [110, 34], [110, 35], [110, 36], [110, 37], [110, 38], [110, 39], [110, 40], [110, 41], [110, 42], [110, 43], [110, 44], [110, 45], [110, 46], [110, 47], [110, 48], [110, 49], [110, 50], [110, 51], [110, 52], [110, 53], [110, 54], [110, 55], [110, 56], [110, 57], [110, 58], [110, 59], [110, 60], [110, 61], [110, 62], [110, 63], [110, 64], [110, 65], [111, 23], [111, 24], [111, 25], [111, 26], [111, 27], [111, 28], [111, 29], [111, 30], [111, 31], [111, 32], [111, 33], [111, 34], [111, 35], [111, 36], [111, 37], [111, 38], [111, 39], [111, 40], [111, 41], [111, 42], [111, 43], [111, 44], [111, 45], [111, 46], [111, 47], [111, 48], [111, 49], [111, 50], [111, 51], [111, 52], [111, 53], [111, 54], [111, 55], [111, 56], [111, 57], [111, 58], [111, 59], [111, 60], [111, 61], [111, 62], [111, 63], [111, 64], [111, 65], [112, 23], [112, 24], [112, 25], [112, 26], [112, 27], [112, 28], [112, 29], [112, 30], [112, 31], [112, 32], [112, 33], [112, 34], [112, 35], [112, 36], [112, 37], [112, 38], [112, 39], [112, 40], [112, 41], [112, 42], [112, 43], [112, 44], [112, 45], [112, 46], [112, 47], [112, 48], [112, 49], [112, 50], [112, 51], [112, 52], [112, 53], [112, 54], [112, 55], [112, 56], [112, 57], [112, 58], [112, 59], [112, 60], [112, 61], [112, 62], [112, 63], [112, 64], [112, 65], [113, 23], [113, 24], [113, 25], [113, 26], [113, 27], [113, 28], [113, 29], [113, 30], [113, 31], [113, 32], [113, 33], [113, 34], [113, 35], [113, 36], [113, 37], [113, 38], [113, 39], [113, 40], [113, 41], [113, 42], [113, 43], [113, 44], [113, 45], [113, 46], [113, 47], [113, 48], [113, 49], [113, 50], [113, 51], [113, 52], [113, 53], [113, 54], [113, 55], [113, 56], [113, 57], [113, 58], [113, 59], [113, 60], [113, 61], [113, 62], [113, 63], [113, 64], [113, 65], [114, 23], [114, 24], [114, 25], [114, 26], [114, 27], [114, 28], [114, 29], [114, 30], [114, 31], [114, 32], [114, 33], [114, 34], [114, 35], [114, 36], [114, 37], [114, 38], [114, 39], [114, 40], [114, 41], [114, 42], [114, 43], [114, 44], [114, 45], [114, 46], [114, 47], [114, 48], [114, 49], [114, 50], [114, 51], [114, 52], [114, 53], [114, 54], [114, 55], [114, 56], [114, 57], [114, 58], [114, 59], [114, 60], [114, 61], [114, 62], [114, 63], [115, 23], [115, 24], [115, 25], [115, 26], [115, 27], [115, 28], [115, 29], [115, 30], [115, 31], [115, 32], [115, 33], [115, 34], [115, 35], [115, 36], [115, 37], [115, 38], [115, 39], [115, 40], [115, 41], [115, 42], [115, 43], [115, 44], [115, 45], [115, 46], [115, 47], [115, 48], [115, 49], [115, 50], [115, 51], [115, 52], [115, 53], [115, 54], [115, 55], [115, 56], [115, 57], [115, 58], [115, 59], [115, 60], [115, 61], [115, 62], [115, 63], [116, 23], [116, 24], [116, 25], [116, 26], [116, 27], [116, 28], [116, 29], [116, 30], [116, 31], [116, 32], [116, 33], [116, 34], [116, 35], [116, 36], [116, 37], [116, 38], [116, 39], [116, 40], [116, 41], [116, 42], [116, 43], [116, 44], [116, 45], [116, 46], [116, 47], [116, 48], [116, 49], [116, 50], [116, 51], [116, 52], [116, 53], [116, 54], [116, 55], [116, 56], [116, 57], [116, 58], [116, 59], [116, 60], [116, 61], [116, 62], [117, 23], [117, 24], [117, 25], [117, 26], [117, 27], [117, 28], [117, 29], [117, 30], [117, 31], [117, 32], [117, 33], [117, 34], [117, 35], [117, 36], [117, 37], [117, 38], [117, 39], [117, 40], [117, 41], [117, 42], [117, 43], [117, 44], [117, 45], [117, 46], [117, 47], [117, 48], [117, 49], [117, 50], [117, 51], [117, 52], [117, 53], [117, 54], [117, 55], [117, 56], [117, 57], [117, 58], [117, 59], [117, 60], [117, 61], [117, 62], [118, 23], [118, 24], [118, 25], [118, 26], [118, 27], [118, 28], [118, 29], [118, 30], [118, 31], [118, 32], [118, 33], [118, 34], [118, 35], [118, 36], [118, 37], [118, 38], [118, 39], [118, 40], [118, 41], [118, 42], [118, 43], [118, 44], [118, 45], [118, 46], [118, 47], [118, 48], [118, 49], [118, 50], [118, 51], [118, 52], [118, 53], [118, 54], [118, 55], [118, 56], [118, 57], [118, 58], [118, 59], [118, 60], [118, 61], [118, 62], [119, 23], [119, 24], [119, 25], [119, 26], [119, 27], [119, 28], [119, 29], [119, 30], [119, 31], [119, 32], [119, 33], [119, 34], [119, 35], [119, 36], [119, 37], [119, 38], [119, 39], [119, 40], [119, 41], [119, 42], [119, 43], [119, 44], [119, 45], [119, 46], [119, 47], [119, 48], [119, 49], [119, 50], [119, 51], [119, 52], [119, 53], [119, 54], [119, 55], [119, 56], [119, 57], [119, 58], [119, 59], [119, 60], [120, 23], [120, 24], [120, 25], [120, 26], [120, 27], [120, 28], [120, 29], [120, 30], [120, 31], [120, 32], [120, 33], [120, 34], [120, 35], [120, 36], [120, 37], [120, 38], [120, 39], [120, 40], [120, 41], [120, 42], [120, 43], [120, 44], [120, 45], [120, 46], [120, 47], [120, 48], [120, 49], [120, 50], [120, 51], [120, 52], [120, 53], [120, 54], [120, 55], [120, 56], [120, 57], [120, 58], [120, 59], [121, 23], [121, 24], [121, 25], [121, 26], [121, 27], [121, 28], [121, 29], [121, 30], [121, 31], [121, 32], [121, 33], [121, 34], [121, 35], [121, 36], [121, 37], [121, 38], [121, 39], [121, 40], [121, 41], [121, 42], [121, 43], [121, 44], [121, 45], [121, 46], [121, 47], [121, 48], [121, 49], [121, 50], [121, 51], [121, 52], [121, 53], [121, 54], [121, 55], [121, 56], [121, 57], [121, 58], [121, 59], [122, 23], [122, 24], [122, 25], [122, 26], [122, 27], [122, 28], [122, 29], [122, 30], [122, 31], [122, 32], [122, 33], [122, 34], [122, 35], [122, 36], [122, 37], [122, 38], [122, 39], [122, 40], [122, 41], [122, 42], [122, 43], [122, 44], [122, 45], [122, 46], [122, 47], [122, 48], [122, 49], [122, 50], [122, 51], [122, 52], [122, 53], [122, 54], [122, 55], [122, 56], [122, 57], [123, 23], [123, 24], [123, 25], [123, 26], [123, 27], [123, 28], [123, 29], [123, 30], [123, 31], [123, 32], [123, 33], [123, 34], [123, 35], [123, 36], [123, 37], [123, 38], [123, 39], [123, 40], [123, 41], [123, 42], [123, 43], [123, 44], [123, 45], [123, 46], [123, 47], [123, 48], [123, 49], [123, 50], [123, 51], [123, 52], [123, 53], [123, 54], [123, 55], [123, 56], [123, 57], [124, 23], [124, 24], [124, 25], [124, 26], [124, 27], [124, 28], [124, 29], [124, 30], [124, 31], [124, 32], [124, 33], [124, 34], [124, 35], [124, 36], [124, 37], [124, 38], [124, 39], [124, 40], [124, 41], [124, 42], [124, 43], [124, 44], [124, 45], [124, 46], [124, 47], [124, 48], [124, 49], [124, 50], [124, 51], [124, 52], [124, 53], [124, 54], [124, 55], [125, 29], [125, 30], [125, 31], [125, 32], [125, 33], [125, 34], [125, 35], [125, 36], [125, 37], [125, 38], [125, 39], [125, 40], [125, 41], [125, 42], [125, 43], [125, 44], [125, 45], [125, 46], [125, 47], [125, 48], [125, 49], [125, 50], [125, 51], [125, 52], [125, 53], [125, 54], [126, 29], [126, 30], [126, 31], [126, 32], [126, 33], [126, 34], [126, 35], [126, 36], [126, 37], [126, 38], [126, 39], [126, 40], [126, 41], [126, 42], [126, 43], [126, 44], [126, 45], [126, 46], [126, 47], [126, 48], [126, 49], [126, 50], [126, 51], [126, 52], [126, 53], [126, 54], [127, 31], [127, 32], [127, 33], [127, 34], [127, 35], [127, 36], [127, 37], [127, 38], [127, 39], [127, 40], [127, 41], [127, 42], [127, 43], [127, 44], [127, 45], [127, 46], [127, 47], [127, 48], [127, 49], [127, 50], [127, 51], [127, 52], [128, 36], [128, 37], [128, 38], [128, 39], [128, 40], [128, 41], [128, 42], [128, 43], [128, 44], [128, 45], [128, 46], [128, 47], [129, 36], [129, 37], [129, 38], [129, 39], [129, 40], [129, 41], [129, 42], [129, 43], [129, 44], [129, 45], [129, 46], [129, 47]], visual
