date-time, 1.0, 0.47, [[645, 13], [721, 13], [721, 170], [645, 170]], textual
date-time, 1.0, 0.47, [[724, 11], [793, 11], [793, 157], [724, 157]], textual
date-time, 0.96, 0.47, [[943, 64], [1009, 64], [1009, 231], [943, 231]], textual
date-time, 0.98, 0.47, [[1951, 93], [2102, 93], [2102, 175], [1951, 175]], textual
name, 0.67, 0.92, [[560, 169], [631, 169], [631, 386], [560, 386]], textual
phone, 0.91, 0.6, [[1093, 184], [1164, 184], [1164, 456], [1093, 456]], textual
date-time, 0.95, 0.47, [[1943, 217], [2055, 217], [2055, 547], [1943, 547]], textual
location, 0.49, 0.1, [[612, 236], [676, 236], [676, 443], [612, 443]], textual
location, 0.39, 0.1, [[664, 356], [694, 356], [694, 436], [664, 436]], textual
location, 0.2, 0.1, [[226, 602], [1067, 602], [1067, 680], [226, 680]], textual
location, 0.99, 0.1, [[215, 682], [905, 682], [905, 760], [215, 760]], textual
date-time, 0.97, 0.47, [[1358, 762], [1596, 762], [1596, 839], [1358, 839]], textual
date-time, 0.93, 0.47, [[1357, 877], [1500, 877], [1500, 959], [1357, 959]], textual
date-time, 1.0, 0.47, [[502, 897], [867, 897], [867, 973], [502, 973]], textual
date-time, 0.45, 0.47, [[1525, 944], [1828, 944], [1828, 986], [1525, 986]], textual
date-time, 1.0, 0.47, [[496, 1021], [867, 1021], [867, 1100], [496, 1100]], textual
name, 0.68, 0.92, [[489, 1163], [621, 1163], [621, 1234], [489, 1234]], textual
name, 0.98, 0.92, [[599, 1151], [830, 1151], [830, 1232], [599, 1232]], textual
date-time, 1.0, 0.47, [[494, 1289], [867, 1289], [867, 1367], [494, 1367]], textual
passport, 1.0, 0.98, [[2, 8], [2585, 1913]], multimodal
drivers_license, 0.99, 1.0, [[309, 0], [2550, 747]], multimodal
