location, 0.99, 0.1, [[804, 343], [1697, 343], [1697, 446], [804, 446]], textual
location, 0.99, 0.1, [[869, 510], [1700, 510], [1700, 574], [869, 574]], textual
location, 0.97, 0.1, [[1071, 580], [1534, 580], [1534, 640], [1071, 640]], textual
phone, 1.0, 0.6, [[1015, 652], [1614, 652], [1614, 713], [1015, 713]], textual
date-time, 1.0, 0.47, [[1035, 892], [1688, 892], [1688, 1007], [1035, 1007]], textual
date-time, 1.0, 0.47, [[2154, 1032], [2352, 1032], [2352, 1128], [2154, 1128]], textual
date-time, 1.0, 0.47, [[1849, 1069], [2043, 1069], [2043, 1161], [1849, 1161]], textual
location, 0.46, 0.1, [[650, 1114], [1362, 1114], [1362, 1177], [650, 1177]], textual
date-time, 1.0, 0.47, [[2175, 1111], [2376, 1111], [2376, 1207], [2175, 1207]], textual
date-time, 1.0, 0.47, [[1867, 1151], [2064, 1151], [2064, 1240], [1867, 1240]], textual
date-time, 1.0, 0.47, [[2201, 1190], [2401, 1190], [2401, 1289], [2201, 1289]], textual
date-time, 1.0, 0.47, [[1887, 1227], [2088, 1227], [2088, 1322], [1887, 1322]], textual
date-time, 1.0, 0.47, [[2239, 1343], [2479, 1343], [2479, 1516], [2239, 1516]], textual
date-time, 1.0, 0.47, [[1481, 1654], [1692, 1654], [1692, 1766], [1481, 1766]], textual
date-time, 1.0, 0.47, [[1496, 1749], [1711, 1749], [1711, 1856], [1496, 1856]], textual
receipt, 1.0, 0.8, [[288, 111], [2786, 2136]], multimodal
