location, 0.98, 0.1, [[342, 98], [815, 98], [815, 293], [342, 293]], textual
location, 0.59, 0.1, [[167, 109], [206, 109], [206, 174], [167, 174]], textual
name, 0.78, 0.92, [[142, 185], [176, 185], [176, 245], [142, 245]], textual
location, 0.98, 0.1, [[340, 188], [663, 188], [663, 331], [340, 331]], textual
location, 0.79, 0.1, [[104, 254], [212, 254], [212, 408], [104, 408]], textual
date-time, 1.0, 0.47, [[366, 250], [601, 250], [601, 358], [366, 358]], textual
date-time, 1.0, 0.47, [[320, 275], [629, 275], [629, 412], [320, 412]], textual
date-time, 0.82, 0.47, [[294, 299], [548, 299], [548, 415], [294, 415]], textual
location, 0.79, 0.1, [[217, 390], [350, 390], [350, 481], [217, 481]], textual
date-time, 0.98, 0.47, [[499, 486], [708, 486], [708, 607], [499, 607]], textual
ticket, 1.0, 0.9, [[7, 9], [851, 628]], multimodal
