location, 0.87, 0.1, [[241, 182], [590, 182], [590, 215], [241, 215]], textual
location, 0.95, 0.1, [[281, 275], [538, 275], [538, 310], [281, 310]], textual
name, 0.85, 0.92, [[151, 353], [312, 353], [312, 387], [151, 387]], textual
location, 0.99, 0.1, [[511, 384], [689, 384], [689, 423], [511, 423]], textual
location, 0.99, 0.1, [[494, 457], [617, 457], [617, 503], [494, 503]], textual
date-time, 1.0, 0.47, [[209, 538], [595, 538], [595, 585], [209, 585]], textual
date-time, 1.0, 0.47, [[299, 589], [504, 589], [504, 634], [299, 634]], textual
location, 0.99, 0.1, [[443, 726], [635, 726], [635, 753], [443, 753]], textual
name, 0.7, 0.92, [[254, 740], [324, 740], [324, 776], [254, 776]], textual
location, 0.99, 0.1, [[478, 744], [606, 744], [606, 765], [478, 765]], textual
location, 0.98, 0.1, [[491, 759], [589, 759], [589, 779], [491, 779]], textual
phone, 1.0, 0.6, [[488, 773], [588, 773], [588, 794], [488, 794]], textual
email, 1.0, 0.74, [[460, 787], [627, 787], [627, 813], [460, 813]], textual
ticket, 1.0, 0.9, [[25, 162], [757, 845]], multimodal
